-3.287
-1.159
-3.157
-4.39
-4.473
-3.07
-2.761
-2.75
-3.264
-4.975
-3.45
-2.074
-5.32
-2.386
-4.473
-3.219
-4.403
-2.179
-3.593
-2.578
-3.8
-4.183
-4.51
-4.156
-3.355
-1.615
-2.43
-3.638
-2.76
-4.001
-3.615
-2.842
-0.3159
-2.771
-2.9
-5.303
-1.824
-1.752
-4.623
-3.003
-3.837
-2.881
-3.501
-1.975
-2.782
-2.914
-2.612
-4.818
-4.175
-1.633
-2.809
-2.593
-4.406
-0.8278
-3.54
-2.513
-3.262
-2.077
-3.911
-2.016
-1.997
-3.791
-4.658
-2.599
-5.348
-2.27
-2.245
-2.211
-3.342
-1.176
-3.148
-3.972
-3.389
-4.264
-4.278
-2.796
-2.953
-3.539
-3.219
-3.155
-3.306
-1.231
-3.593
-2.311
-3.34
-4.062
-3.939
-2.843
-3.572
-2.842
-2.659
-2.265
-4.025
-1.637
-4.915
-4.924
-1.864
-1.759
-4.158
-2.503
-4.332
-1.407
-2.938
-3.146
-3.344
-4.247
-2.157
-3.002
-2.508
-3.814
-3.43
-2.763
-4.754
-3.953
-3.629
-2.437
-3.953
-4.095
-2.588
-3.766
-1.993
-4.699
-3.384
-3.809
-3.525
-2.285
-2.298
-3.769
-4.877
-3.771
-1.666
-3.02
-3.882
-2.991
-2.177
-1.152
-2.459
-3.99
-0.7229
-2.912
-1.579
-1.698
-5.038
-1.359
-3.11
-3.838
-2.925
-2.919
-2.974
-3.148
-1.497
-1.968
-2.663
-3.581
-1.755
-2.309
-3.417
-3.49
-3.242
-3.153
-2.61
-2.11
-2.775
-4.679
-2.64
-1.891
-4.306
-4.888
-2.206
-3.385
-2.485
-3.237
-1.258
-1.796
-2.344
-2.161
-2.041
-1.864
-3.926
-1.406
-4.416
-5.148
-3.185
-2.366
-2.598
-2.411
-2.891
-3.598
-2.851
-1.189
-3.271
-2.5
-2.503
-1.771
-4.089
-3.372
-2.708
-3.418
-2.815
-3.251
-3.959
-4.62
-2.177
-2.891
-2.239
-5.306
-1.936
-2.657
-3.455
-2.462
-2.72
-2.368
-2.47
-2.834
-2.857
-3.606
-2.543
-3.534
-1.687
-2.893
-1.555
-3.35
-3.203
-2.157
-1.866
-4.134
-2.16
-1.902
-3.441
-2.295
-3.651
-3.53
-3.177
-3.698
-1.525
-3.044
-3.425
-4.639
-2.935
-3.779
-3.416
-3.358
-4.681
-2.542
-2.797
-2.598
-3.861
-4.873
-1.062
-1.596
-3.466
-4.451
-3.194
-3.053
-5.086
-3.294
-2.929
-1.32
-4.117
-0.597
-1.745
-3.07
-3.381
-2.606
-1.734
-1.569
-2.824
-3.79
-1.904
-1.96
-3.599
-4.063
-3.135
-2.654
-3.235
-4.05
-3.853
-2.185
-2.32
-2.668
-3.662
-3.163
-4.13
-2.107
-4.795
-3.249
-3.245
-3.643
-0.5382
-0.7877
-3.518
-2.557
-2.672
-2.554
-2.511
-3.673
-5.167
-3.449
-2.33
-3.582
-2.676
-3.786
-2.782
-2.523
-2.93
-4.041
-1.834
-3.073
-4.285
-3.689
-2.909
-3.843
-4.839
-4.033
-3.114
-2.934
-1.532
-3.691
-3.905
-3.709
-2.036
-3.886
-3.149
-0.9325
-4.297
-3.847
-3.471
-4.625
-2.818
-5.095
-3.41
-3.891
-3.733
-1.887
-2.317
-1.248
-1.983
-2.86
-3.645
-2.787
-2.724
-3.298
-4.495
-2.278
-3.827
-4.269
-2.966
-3.418
-2.051
-3.423
-1.883
-2.711
-2.8
-3.226
-1.807
-3.456
-3.662
-2.791
-2.799
-1.001
-3.057
-2.196
-3.044
-1.465
-2.433
-2.351
-2.714
-3.915
-3.609
-2.442
-4.034
-1.77
-4.292
-4.185
-4.144
-2.908
-1.906
-4.562
-3.406
-2.927
-4.586
-3.258
-3.198
-1.961
-2.333
-4.31
-4.14
-3.749
-5.114
-4.17
-2.196
-3.408
-2.247
-2.203
-3.759
-3.461
-1.096
-3.349
-2.781
-1.855
-3.124
-2.853
-4.241
-0.9958
-3.772
-4.179
-3.57
-1.245
-4.775
-3.21
-4.234
-4.03
-2.973
-2.524
-1.33
-3.395
-2.564
-5.768
-2.857
-1.352
-2.493
-3.092
-3.153
-3.584
-2.524
-2.56
-1.514
-5.12
-2.978
-3.594
-3.278
-3.29
-3.729
-2.706
-3.717
-4.565
-1.915
-3.262
-3.2
-3.044
-4.154
-2.383
-2.672
-4.367
-2.723
-3.256
-2.178
-3.24
-2.724
-1.658
-1.198
-4.077
-3.115
-4.368
-2.522
-2.694
-3.57
-3.963
-0.6381
-3.019
-2.702
-3.855
-1.492
-1.781
-2.883
-2.907
-2.147
-3.252
-3.148
-4.868
-2.54
-0.188
-2.68
-4.236
-2.158
-2.403
-2.634
-2.907
-2.405
-3.467
-4.603
-2.431
-2.743
-1.917
-4.219
-4.531
-4.652
-2.214
-1.941
-3.739
-3.139
-4.42
-2.131
-4.625
-2.857
-2.29
-3.055
-2.828
-3.639
-3.663
-2.921
-3.051
-3.261
-1.434
-3.372
-1.258
-4.099
-2.134
-2.465
-4.394
-1.504
-4.242
-4.027
-3.565
-4.073
-3.358
-3.579
-3.092
-3.361
-5.444
-3.419
-3.368
-3.563
-4.39
-3.632
-1.389
-3.239
-3.595
-3.162
-5.703
-4.211
-2.394
-2.719
-3.456
-2.983
-0.7938
-5.231
-2.248
-2.398
-2.375
-2.091
-3.147
-2.022
-2.548
-2.05
-4.212
-2.524
-1.734
-2.893
-4.01
-1.821
-4.838
-4.212
-3.772
-3.35
-1.319
-5.291
-3.005
-3.203
-2.3
-2.699
-4.663
-3.491
-3.36
-1.331
-2.059
-1.377
-2.109
-3.531
-1.98
-1.885
-2.804
-1.651
-2.864
-1.446
-3.139
-3.121
-2.248
-2.669
-4.602
-3.773
-4.123
-2.609
-4.121
-3.067
-2.004
-5.288
-3.137
-2.179
-3.979
-2.329
-2.298
-3.312
-3.119
-2.776
-4.124
-1.918
-1.738
-2.182
-2.481
-3.614
-0.1722
-1.5
-3.038
-3.833
-2.558
-3.362
-3.393
-2.835
-3.274
-2.524
-2.269
-3.736
-1.696
-2.58
-1.495
-4.907
-1.891
-3.025
-2.92
-2.909
-2.645
-4.545
-3.041
-2.915
-2.184
-3.345
-2.952
-3.208
-2.771
-4.265
-4.621
-3.735
-4.682
-1.536
-1.423
-5.667
-2.961
-1.921
-4.523
-3.225
-3.287
-2.733
-2.787
-2.481
-0.9951
-1.932
-3.524
-2.27
-1.928
-2.116
-3.099
-5.042
-0.9463
-2.385
-1.23
-1.655
-2.672
-1.961
-2.283
-2.269
-2.098
-1.464
-4.205
-4.954
-3.43
-2.461
-3.454
-3.284
-2.735
-3.72
-3.475
-3.125
-4.063
-1.035
-4.772
-2.09
-4.879
-4.303
-1.825
-2.856
-2.28
-2.47
-2.65
-3.345
-2.668
-4.789
-4.491
-4.142
-2.791
-2.838
-2.992
-3.439
-1.865
-3.126
-3.528
-2.182
-4.817
-2.828
-2.862
-2.185
-4.467
-2.561
-2.326
-3.601
-1.015
-2.825
-1.232
-3.309
-2.557
-3.835
-1.284
-3.235
-1.822
-2.676
-2.936
-1.44
-2.656
-4.241
-4.053
-3.43
-1.102
-4.879
-3.072
-0.7672
-2.582
-1.82
-1.306
-2.052
-2.401
-4.535
-4.907
-4.135
-2.967
-3.137
-1.72
-2.857
-3.834
-3.513
-4.905
-1.493
-4.679
-2.022
-1.819
-1.693
-2.81
-3.826
-2.012
-2.829
-3.735
-2.817
-2.178
-2.899
-2.237
-3.079
-2.342
-3.523
-3.875
-3.605
-1.609
-3.313
-3.434
-2.222
-3.286
-0.4789
-2.397
-1.266
-2.462
-4.737
-1.737
-2.43
-4.033
-2.434
-2.016
-3.908
-4.292
-2.227
-3.766
-2.226
-1.976
-2.151
-2.801
-4.336
-2.639
-2.861
-3.834
-3.165
-4.052
-2.799
-4.971
-3.311
-2.542
-4.714
-3.818
-3.409
-1.891
-0.9409
-3.096
-4.125
-2.95
-3.184
-2.763
-3.571
-2.321
-4.465
-4.138
-3.99
-2.207
-2.747
-3.752
-3.586
-1.576
-3.93
-1.887
-1.393
-4.252
-1.365
-3.222
-1.484
-3.139
-4.538
-3.945
-3.579
-2.39
-3.013
-4.427
-1.973
-2.788
-3.512
-2.048
-1.51
-3.545
-4.224
-4.768
-2.374
-3.381
-2.259
-0.992
-1.756
-3.542
-4.597
-1.242
-1.287
-3.73
-1.544
-1.951
-2.201
-3.563
-2.882
-3.377
-2.082
-3.214
-1.881
-2.984
-4.143
-1.93
-2.676
-3.655
-3.779
-3.954
-3.025
-1.799
-2.285
-3.436
-2.224
-4.642
-2.326
-1.623
-1.972
-3.606
-3.554
-3.281
-4.232
-1.692
-4.868
-3.15
-3.183
-3.078
-3.041
-1.835
-3.447
-1.047
-2.135
-1.928
-4.763
-3.773
-2.878
-3.848
-3.989
-1.583
-5.046
-3.771
-2.428
-3.176
-3.951
-1.335
-2.718
-4.944
-3.441
-1.421
-1.02
-2.331
-2.968
-5.218
-1.567
-3.746
-2.547
-4.201
-2.399
-5.568
-0.7087
-3.715
-2.349
-4.94
-2.793
-0.8892
-1.91
-2.589
-3.479
-3.177
0.03903
-3.421
-3.552
-3.625
-4.142
-2.603
-2.826
-1.808
-2.558
-4.266
-3.316
-2.903
-0.7482
-4.051
-3.235
-2.206
-3.627
-3.455
-3.708
-4.791
-6.045
-3.097
-4.297
-2.809
-2.189
-3.735
-3.105
-3.696
-2.997
-3.843
-3.684
-2.154
-3.624
-2.115
-2.774
-3.561
-3.548
-2.67
-3.753
-1.835
-3.278
-3.547
-3.279
-2.788
-2.818
-4.207
-1.445
-4.738
-3.379
-1.868
-3.024
-3.896
-3.39
-4.079
-2.035
-2.244
-3.279
-4.05
-4.114
-1.648
-2.211
-5.248
-2.952
-0.4749
-4.016
-4.721
-5.252
-3.223
-3.767
-2.07
-4.29
-3.57
-2.039
-3.212
-3.533
-2.998
-3.347
-3.486
-2.783
-4.148
