2.26295428488079
0.67376663929435
2.3297992629225
2.27242932142940
1.41464143445641
-0.539950041903709
0.0714329652864617
0.70527955320944
0.994232827252463
3.40465338885795
1.76359346114046
0.200990751010632
-0.147657009236351
0.710538426311777
0.700784882102684
0.588489167204933
1.25222344815613
0.108078872715431
1.43568329935572
-0.237538421929958
0.77573211472169
1.3773956459817
1.13333636081484
1.80418950974491
0.942893225616191
1.50360797223373
2.08576936214569
0.309046160303169
-0.284599353872188
1.04672617218835
0.764293443560499
0.457111744989746
0.566689682543218
0.350528353203767
1.72675074738545
2.1519117540872
1.99216036544580
0.570486890508119
2.23830410085338
0.72065371814573
2.75790308981071
1.56074609088806
0.547216027446842
0.167956703882168
-0.166570547084707
-0.0655905803882964
-0.563782051071005
2.15653699715018
1.83204712857239
0.772671308575245
1.26613736167210
0.623297281416372
3.44136462889459
0.204660882744628
0.945122526288421
1.25014132285415
1.61824329356625
0.827376497354143
-1.22390027400994
-0.263614384970583
1.35872889597135
0.988954521534336
0.0593508373813917
0.884174677843046
0.185031291130083
1.24226348085969
-0.4250983947325
1.36594112304922
1.24841264887260
1.06528818167162
1.01915639166027
1.25733837715553
0.350989922291102
0.880831237581962
1.66413569989411
2.10096910219409
1.14377148075807
0.882246401834049
0.0879316330516622
-0.437586240829979
0.202910474928035
2.25408310644997
1.77214218580453
0.78048437324656
0.575189716622713
0.581019900578041
1.99698686090911
0.724221970911973
2.2560188173061
1.64667439049534
2.29931230256343
0.126737888255565
1.00837095999603
0.119128276747455
1.59625901661066
1.11971764128954
0.717826122677549
2.45598840106634
1.22901959069469
1.99654392854413
