2.263
0.6738
2.33
2.272
1.415
-0.54
0.07143
0.7053
0.9942
3.405
1.764
0.201
-0.1477
0.7105
0.7008
0.5885
1.252
0.1081
1.436
-0.2375
0.7757
1.377
1.133
1.804
0.9429
1.504
2.086
0.309
-0.2846
1.047
0.7643
0.4571
0.5667
0.3505
1.727
2.152
1.992
0.5705
2.238
0.7207
2.758
1.561
0.5472
0.168
-0.1666
-0.06559
-0.5638
2.157
1.832
0.7727
1.266
0.6233
3.441
0.2047
0.9451
1.25
1.618
0.8274
-1.224
-0.2636
1.359
0.989
0.05935
0.8842
0.185
1.242
-0.4251
1.366
1.248
1.065
1.019
1.257
0.351
0.8808
1.664
2.101
1.144
0.8822
0.08793
-0.4376
0.2029
2.254
1.772
0.7805
0.5752
0.581
1.997
0.7242
2.256
1.647
2.299
0.1267
1.008
0.1191
1.596
1.12
0.7178
2.456
1.229
1.997
1.782
0.2232
0.384
1.047
-0.1304
1.577
-0.2807
2.625
0.4993
2.678
0.5875
0.02771
1.025
1.027
-0.6802
2.054
-0.1196
1.336
1.495
1.138
0.8812
1.198
-0.06869
0.1968
-0.1138
2.58
2.498
1.263
-0.2329
0.9963
2.512
0.5243
1.798
0.026
1.689
0.04416
-0.2317
0.04311
0.1302
0.08932
1.741
1.069
0.6762
-0.0865
-0.01593
0.2322
-0.1197
0.5518
1.472
-0.1805
2.47
-0.3114
0.9035
3.37
1.891
0.7478
0.1342
1.583
0.9875
0.6251
1.318
0.5112
3.659
2.68
1.78
1.713
0.4571
1.886
0.6514
-0.008055
2.883
0.07103
0.7058
0.385
0.05292
1.599
-0.5236
0.7938
0.4257
-0.3902
0.9296
0.5691
0.4078
1.981
1.532
0.9095
1.156
0.2627
0.7987
2.102
0.9833
1.162
3.025
0.2963
1.961
2.79
-0.06417
1.018
0.6101
0.5092
-0.04572
0.1038
2.269
1.594
1.776
2.557
0.6346
1.817
0.9394
0.4986
1.926
1.037
-0.0662
0.7615
2.495
2.172
-0.4577
1.095
1.848
-0.6244
2.409
0.4582
1.279
0.806
2.576
-0.4755
0.8554
-0.07501
1.407
3.229
-0.5145
0.9383
0.8527
2.542
0.01814
1.497
2.697
0.7393
0.2941
0.8388
1.501
-0.01354
2.615
1.006
-1.905
-0.1072
2.548
0.02317
0.8985
1.043
-0.5967
1.491
1.422
2.874
2.035
1.082
0.9175
1.606
0.1126
1.105
1.353
1.55
-0.1343
2.462
1.702
3.507
-0.89
0.4102
-0.7145
0.579
1.31
2.703
0.5566
-0.1986
0.6926
1.621
1.182
2.318
0.7011
-0.6482
1.951
-0.1131
1.617
1.513
1.369
2.724
0.7939
-0.3142
1.063
0.768
1.635
2.635
-0.8083
0.7861
1.07
1.55
0.3032
1.391
1.381
0.9876
0.8756
2.467
1.674
2.956
0.731
-0.2446
0.6043
1.097
0.7616
0.5882
-0.5772
0.2027
-0.09624
1.308
1.345
2.54
0.6705
1.948
0.5207
-0.5149
1.435
0.4805
0.1654
0.2434
2.09
2.572
2.007
0.7268
-0.3097
1.223
2.113
1.837
1.315
1.222
0.1564
1.444
1.056
1.068
0.798
-0.158
0.4073
1.766
1.039
1.015
0.8137
2.401
1.018
1.249
1.149
0.03677
0.9335
2.287
1.458
-0.452
1.077
1.56
0.9251
1.783
0.8273
-0.05129
1.729
1.263
1.544
2.041
1.198
-0.6296
1.121
-0.6374
0.469
1.954
-0.7207
1.106
0.3913
0.6988
1.976
1.456
2.294
-0.1332
0.1305
0.245
0.8704
-0.001801
0.1801
0.02545
1.604
1.549
1.916
3.662
0.8197
1.685
4.266
1.561
0.931
0.02756
0.4534
-0.6887
-0.5724
0.595
1.319
1.04
0.61
-0.8192
1.659
1.46
2.617
-0.8562
0.7132
2.75
1.116
2.384
1.574
1.136
1.914
-0.8008
0.6601
1.606
2.341
1.767
1.194
2.141
1.014
-0.1053
0.9748
0.8363
1.37
0.6192
1.653
3.061
-0.7966
1.584
0.2772
0.3708
-0.8162
0.7407
1.335
-0.4272
2.939
0.2405
-1.279
0.8859
3.352
2.596
2.277
1.789
1.461
0.5619
-0.5078
-1.223
-0.1787
-0.7828
0.01208
1.728
0.1153
-0.5384
0.02777
-0.7181
1.804
-0.5018
0.8545
1.579
2.202
2.894
-0.7602
1.925
0.4435
0.8194
2.447
0.3929
1.679
0.9064
0.5099
2.411
0.7754
0.7875
1.696
1.915
0.07663
2.147
0.3641
0.1136
-1.333
0.8545
1.317
0.2925
2.242
1.62
1.1
2.808
-0.5024
1.286
1.846
0.004657
0.7431
0.9441
0.555
1.07
0.8453
0.1687
1.762
0.4235
0.3736
1.481
2.695
-0.7612
1.198
1.397
1.029
3.56
2.257
0.4655
0.3748
1.914
2.007
1.719
0.3953
1.539
0.9232
2.85
0.1451
1.033
-0.02506
0.01775
1.004
0.7666
0.5011
2.55
1.087
2.319
0.01878
0.7544
-0.4039
2.441
0.01864
2.474
0.008803
0.9055
-1.875
0.7531
1.015
-0.9191
0.7122
0.6534
-0.8396
1.899
-0.2129
0.781
1.564
0.4746
1.744
1.129
2.488
0.3373
-0.1607
1.359
0.8052
0.7047
1.497
1.485
1.019
1.635
1.754
1.834
1.966
2.294
0.8634
0.5599
-0.2273
0.7623
0.07314
1.411
0.8011
0.4426
0.02284
1.061
0.4028
-0.2589
-0.41
2.101
0.3228
0.2378
0.7083
0.4248
0.5561
0.6874
0.397
-0.09393
1.715
0.8912
-0.4438
1.806
-0.7398
0.5987
0.7124
0.06159
1.288
-0.5054
2.519
1.367
2.7
1.644
-0.6878
1.648
1.449
2.026
2.075
1.458
1.632
0.4195
2.584
-0.764
-0.8806
-0.2917
1.91
-0.1078
0.6159
1.083
0.5161
-1.085
2.168
0.9232
1.53
1.005
0.4698
1.102
1.815
-0.5065
-0.1572
2.302
0.09436
1.016
-0.428
1.688
1.594
0.7297
2.554
0.4893
0.7082
2.101
1.459
1.852
2.466
1.244
1.649
0.3589
1.464
0.6908
2.276
0.9524
1.03
0.9964
-1.035
0.00718
2.964
1.707
1.04
0.8415
0.8377
1.439
1.781
0.01879
0.8584
-0.2562
0.571
1.509
-0.4469
2.02
2.179
0.9897
1.269
2.342
0.4164
0.063
-0.1522
0.02482
0.2886
1.372
0.05649
0.7256
1.154
-0.2887
2.419
2.308
-0.805
0.5159
0.6268
1.169
-0.173
0.6238
1.783
1.991
1.229
1.337
0.3528
0.5568
2.162
1.065
0.3175
2.634
0.4152
2.13
1.581
1.379
0.6893
1.886
-0.6419
0.01144
0.756
1.156
1.102
0.7125
0.7068
1.469
0.3374
-1.19
1.004
1.863
1.98
0.7083
0.939
2.512
0.3564
0.869
1.485
0.3548
0.536
1.567
0.2766
1.456
-0.1979
-1.018
1.62
0.8671
0.565
0.4782
1.992
-0.08542
1.96
-0.03901
0.8622
0.7853
1.574
-0.7764
0.7436
0.8614
1.558
2.122
0.01785
1.327
1.448
2.184
0.9114
2.147
1.087
0.705
1.512
1.283
1.385
2.005
0.714
0.7627
0.7963
2.072
2.95
1.964
2.038
2.769
0.4283
-0.4703
-0.1104
1.254
1.023
-1.716
2.185
0.7802
0.9433
1.407
-0.3094
0.2933
2.034
2.973
1.688
1.738
-0.7083
2.053
2.123
0.6454
1.188
1.924
3.153
-0.1097
2.03
2.377
1.915
1.294
0.8483
1.165
1.869
-0.07803
-0.2223
0.2886
-0.424
-0.6693
2.379
0.08033
0.4955
-0.1347
1.513
1.528
2.188
0.538
2.241
1.137
-0.2996
2.151
2.513
1.802
0.5695
-0.3447
1.037
-0.3457
-0.814
1.704
0.701
0.6011
0.3567
2.316
-0.585
0.5555
1.566
1.29
0.3845
0.938
0.8074
2.683
1.103
0.3452
2.187
-0.2724
1.538
2.231
-0.1657
1.324
1.951
2.117
2.524
2.918
1.2
0.1528
0.2431
1.695
-0.5729
1.5
-0.1549
0.0748
1.342
0.4104
0.1716
0.3363
2.416
-0.3715
1.109
0.5332
3.962
0.8422
2.819
1.864
-0.5664
1.515
1.696
1.025
-0.9518
3.245
0.8123
-0.4013
2.248
0.7529
1.246
0.2213
-0.7909
0.8325
1.751
0.983
1.028
1.222
1.399
0.7385
0.6968
0.2664
-0.3819
-0.4417
0.2137
0.2575
0.609
-0.2158
0.1096
2.498
1.372
1.261
0.9755
0.08231
0.4081
0.629
1.088
0.9653
2.806
0.6598
0.251
-0.6391
-0.001188
3.596
1.303
1.909
1.208
1.178
0.8342
1.557
2.444
1.901
0.778
1.106
-0.4492
2.139
2.814
-0.511
0.9819
0.1198
-0.1975
2.069
2.167
3.03
1.5
-0.8227
1.489
0.3061
0.8009
1.242
1.07
1.794
0.3446
0.3225
1.184
1.878
0.6078
0.3311
-0.01013
0.2492
0.7164
-0.1658
1.691
-1.057
0.8458
-0.4449
2.216
0.4888
2.129
0.5804
0.7873
-0.02066
-2.082
2.646
-0.4112
3.565
1.326
0.4345
1.699
1.881
0.7722
1.136
2.843
-0.4054
0.9509
1.794
-0.414
-0.7899
2.354
0.2522
-0.03745
0.9638
0.4456
0.4411
-0.4199
0.09204
1.848
1.499
0.3622
3.416
2.481
0.261
0.9022
-2.236
1.957
1.559
0.5023
0.806
1.086
2.018
0.03008
2.066
1.756
0.2967
