-0.004818
0.003978
0.017944
-0.009685
-0.017102
-0.036191
0.023187
0.019491
-0.004137
-0.016601
-0.012891
0.036188
0.003429
0.018766
0.006119
0.043267
0.029915
-0.033045
0.036903
0.060746
0.048228
-0.011497
0.041560
-0.042401
-0.077038
-0.031967
0.008293
-0.036354
-0.005402
0.002844
-0.005680
0.001306
-0.032058
-0.041396
0.039956
0.021742
-0.013069
0.001692
-0.032398
0.011690
0.012923
-0.000470
0.036985
0.018675
-0.019079
-0.004467
0.021797
0.064585
0.006172
0.032701
0.003987
0.072041
-0.067160
0.013095
-0.001338
0.031213
-0.044911
-0.000925
-0.009388
0.013499
-0.017623
-0.041939
0.008317
-0.004912
-0.009951
-0.007950
-0.020964
0.027753
-0.042037
-0.009262
-0.017630
-0.012372
0.031928
0.006928
0.004907
0.020121
-0.042753
0.035240
-0.009022
0.004579
-0.060611
0.015862
0.004270
-0.003045
-0.006021
0.027365
-0.002029
-0.015484
-0.013681
0.012270
0.006684
-0.020430
-0.049996
-0.016775
-0.078247
-0.008796
0.004239
0.034733
0.021729
0.019072
