3	1	0	1.000000
4	0	2	0.000000
5	3	0	1.000000
6	2	2	0.500000
7	5	0	1.000000
8	0	6	0.000000
9	1	6	0.142857
10	2	6	0.250000
11	9	0	1.000000
12	2	8	0.200000
13	11	0	1.000000
14	2	10	0.166667
15	7	6	0.538462
16	0	14	0.000000
17	15	0	1.000000
18	2	14	0.125000
19	17	0	1.000000
20	2	16	0.111111
21	7	12	0.368421
22	2	18	0.100000
23	21	0	1.000000
24	2	20	0.090909
25	3	20	0.130435
26	2	22	0.083333
27	1	24	0.040000
28	6	20	0.230769
29	27	0	1.000000
30	6	22	0.214286
31	29	0	1.000000
32	0	30	0.000000
33	7	24	0.225806
34	2	30	0.062500
35	7	26	0.212121
36	2	32	0.058824
37	35	0	1.000000
38	2	34	0.055556
39	7	30	0.189189
40	2	36	0.052632
41	39	0	1.000000
42	6	34	0.150000
43	41	0	1.000000
44	2	40	0.047619
45	13	30	0.302326
46	2	42	0.045455
47	45	0	1.000000
48	2	44	0.043478
49	5	42	0.106383
50	2	46	0.041667
51	7	42	0.142857
52	6	44	0.120000
53	51	0	1.000000
54	2	50	0.038462
55	7	46	0.132075
56	2	52	0.037037
57	7	48	0.127273
58	2	54	0.035714
59	57	0	1.000000
60	6	52	0.103448
61	59	0	1.000000
62	2	58	0.033333
63	7	54	0.114754
64	0	62	0.000000
65	23	40	0.365079
66	22	42	0.343750
67	65	0	1.000000
68	2	64	0.030303
69	7	60	0.104478
70	14	54	0.205882
71	69	0	1.000000
72	2	68	0.028571
73	71	0	1.000000
74	2	70	0.027778
75	7	66	0.095890
76	6	68	0.081081
77	7	68	0.093333
78	6	70	0.078947
79	77	0	1.000000
80	2	76	0.025641
81	1	78	0.012658
82	2	78	0.025000
83	81	0	1.000000
84	6	76	0.073171
85	23	60	0.277108
86	2	82	0.023810
87	7	78	0.082353
88	2	84	0.023256
89	87	0	1.000000
90	6	82	0.068182
91	47	42	0.528090
92	2	88	0.022222
93	7	84	0.076923
94	2	90	0.021739
95	7	86	0.075269
96	2	92	0.021277
97	95	0	1.000000
98	2	94	0.020833
99	7	90	0.072165
