3	4	0	1.000000
4	0	6	0.000000
5	12	0	1.000000
6	8	7	0.533333
7	18	0	1.000000
8	0	20	0.000000
9	3	18	0.142857
10	5	12	0.294118
11	22	0	1.000000
12	7	21	0.250000
13	20	0	1.000000
14	6	23	0.206897
15	23	20	0.534884
16	0	27	0.000000
17	47	0	1.000000
18	7	23	0.233333
19	48	0	1.000000
20	5	43	0.104167
21	20	31	0.392157
22	8	53	0.131148
23	29	0	1.000000
24	8	49	0.140351
25	8	32	0.200000
26	7	28	0.200000
27	4	51	0.072727
28	19	48	0.283582
29	71	0	1.000000
30	21	41	0.338710
31	73	0	1.000000
32	0	56	0.000000
33	17	51	0.250000
34	6	77	0.072289
35	28	69	0.288660
36	6	54	0.100000
37	82	0	1.000000
38	7	58	0.107692
39	24	67	0.263736
40	8	69	0.103896
41	55	0	1.000000
42	20	64	0.238095
43	89	0	1.000000
44	6	85	0.065934
45	34	61	0.357895
46	5	88	0.053763
47	73	0	1.000000
48	8	91	0.080808
49	15	61	0.197368
50	6	91	0.061856
51	21	101	0.172131
52	23	97	0.191667
53	126	0	1.000000
54	7	107	0.061404
55	27	104	0.206107
56	7	129	0.051471
57	22	98	0.183333
58	8	108	0.068966
59	104	0	1.000000
60	22	111	0.165414
61	102	0	1.000000
62	7	117	0.056452
63	22	93	0.191304
64	0	88	0.000000
65	69	96	0.418182
66	57	92	0.382550
67	117	0	1.000000
68	6	128	0.044776
69	21	117	0.152174
70	48	134	0.263736
71	100	0	1.000000
72	6	110	0.051724
73	127	0	1.000000
74	8	130	0.057971
75	22	141	0.134969
76	22	152	0.126437
77	25	146	0.146199
78	22	157	0.122905
79	157	0	1.000000
80	8	161	0.047337
81	3	162	0.018182
82	8	124	0.060606
83	133	0	1.000000
84	20	161	0.110497
85	65	116	0.359116
86	8	116	0.064516
87	18	134	0.118421
88	8	162	0.047059
89	119	0	1.000000
90	21	138	0.132075
91	118	123	0.489627
92	7	162	0.041420
93	25	132	0.159236
94	7	173	0.038889
95	25	206	0.108225
96	6	178	0.032609
97	184	0	1.000000
98	6	192	0.030303
99	23	161	0.125000
100	8	169	0.045198
101	185	0	1.000000
102	19	171	0.100000
103	171	0	1.000000
104	8	149	0.050955
105	113	144	0.439689
106	8	197	0.039024
107	175	0	1.000000
108	7	148	0.045161
109	204	0	1.000000
110	24	203	0.105727
111	25	220	0.102041
112	21	237	0.081395
113	235	0	1.000000
114	21	187	0.100962
115	28	201	0.122271
116	8	187	0.041026
117	47	195	0.194215
118	7	201	0.033654
119	26	184	0.123810
120	23	171	0.118557
121	33	218	0.131474
122	7	205	0.033019
123	27	231	0.104651
124	23	240	0.087452
125	12	207	0.054795
126	21	260	0.074733
127	186	0	1.000000
128	0	179	0.000000
129	24	236	0.092308
130	44	200	0.180328
131	194	0	1.000000
132	23	214	0.097046
133	121	204	0.372308
134	6	228	0.025641
135	26	213	0.108787
136	7	274	0.024911
137	260	0	1.000000
138	23	270	0.078498
139	229	0	1.000000
140	22	234	0.085938
141	28	260	0.097222
142	7	266	0.025641
143	26	257	0.091873
144	8	288	0.027027
145	79	247	0.242331
146	8	240	0.032258
147	26	293	0.081505
148	24	297	0.074766
149	276	0	1.000000
150	24	249	0.087912
151	252	0	1.000000
152	7	246	0.027668
153	83	244	0.253823
154	50	253	0.165017
155	28	254	0.099291
156	23	227	0.092000
157	334	0	1.000000
158	7	308	0.022222
159	23	335	0.064246
160	6	273	0.021505
161	27	280	0.087948
162	7	270	0.025271
163	274	0	1.000000
164	7	254	0.026820
165	139	234	0.372654
166	8	286	0.027211
167	347	0	1.000000
168	23	342	0.063014
169	42	308	0.120000
170	24	258	0.085106
171	27	299	0.082822
172	18	297	0.057143
173	284	0	1.000000
174	22	329	0.062678
175	65	309	0.173797
176	36	370	0.088670
177	23	377	0.057500
178	8	296	0.026316
179	318	0	1.000000
180	23	327	0.065714
181	306	0	1.000000
182	22	319	0.064516
183	23	331	0.064972
184	8	371	0.021108
185	70	364	0.161290
186	75	365	0.170455
187	27	291	0.084906
188	8	299	0.026059
189	24	321	0.069565
190	132	345	0.276730
191	404	0	1.000000
192	7	393	0.017500
193	364	0	1.000000
194	6	376	0.015707
195	84	322	0.206897
196	24	325	0.068768
197	284	0	1.000000
198	20	313	0.060060
199	325	0	1.000000
200	8	352	0.022222
201	27	409	0.061927
202	7	433	0.015909
203	26	332	0.072626
204	24	371	0.060759
205	80	393	0.169133
206	6	352	0.016760
207	26	395	0.061758
208	24	430	0.052863
209	26	410	0.059633
210	50	348	0.125628
211	389	0	1.000000
212	8	306	0.025478
213	26	415	0.058957
214	8	427	0.018391
215	28	513	0.051756
216	8	443	0.017738
217	151	354	0.299010
218	8	354	0.022099
219	24	344	0.065217
220	23	376	0.057644
221	88	375	0.190065
222	24	475	0.048096
223	557	0	1.000000
224	8	311	0.025078
225	44	384	0.102804
226	6	405	0.014599
227	370	0	1.000000
228	22	367	0.056555
229	472	0	1.000000
230	23	503	0.043726
231	282	318	0.470000
232	51	375	0.119718
233	365	0	1.000000
234	23	452	0.048421
235	27	539	0.047703
236	7	567	0.012195
237	28	474	0.055777
238	49	475	0.093511
239	540	0	1.000000
240	24	399	0.056738
241	532	0	1.000000
242	8	536	0.014706
243	4	498	0.007968
244	20	384	0.049505
245	49	415	0.105603
246	84	439	0.160612
247	161	534	0.231655
248	7	514	0.013436
249	25	427	0.055310
250	8	429	0.018307
251	483	0	1.000000
252	24	482	0.047431
253	28	610	0.043887
254	8	553	0.014260
255	94	498	0.158784
256	0	387	0.000000
257	416	0	1.000000
258	23	425	0.051339
259	155	487	0.241433
260	20	532	0.036232
261	44	420	0.094828
262	8	450	0.017467
263	423	0	1.000000
264	24	378	0.059701
265	86	495	0.148021
266	23	502	0.043810
267	26	482	0.051181
268	22	422	0.049550
269	429	0	1.000000
270	23	439	0.049784
271	637	0	1.000000
272	8	560	0.014085
273	141	464	0.233058
274	8	439	0.017897
275	24	426	0.053333
276	151	418	0.265378
277	589	0	1.000000
278	8	575	0.013722
279	25	524	0.045537
280	48	399	0.107383
281	438	0	1.000000
282	23	571	0.038721
283	682	0	1.000000
284	7	413	0.016667
285	130	506	0.204403
286	158	465	0.253612
287	28	520	0.051095
288	7	548	0.012613
289	58	469	0.110057
290	21	486	0.041420
291	25	451	0.052521
292	23	449	0.048729
293	651	0	1.000000
294	23	614	0.036107
295	25	503	0.047348
296	8	460	0.017094
297	27	509	0.050373
298	7	571	0.012111
299	28	694	0.038781
300	21	523	0.038603
301	174	557	0.238030
302	8	620	0.012739
303	26	690	0.036313
304	24	631	0.036641
305	77	466	0.141805
306	23	537	0.041071
307	545	0	1.000000
308	23	622	0.035659
309	28	681	0.039492
310	54	621	0.080000
311	537	0	1.000000
312	23	489	0.044922
313	765	0	1.000000
314	8	678	0.011662
315	98	636	0.133515
316	22	558	0.037931
317	662	0	1.000000
318	24	786	0.029630
319	27	609	0.042453
320	8	533	0.014787
321	28	502	0.052830
322	54	526	0.093103
323	25	648	0.037147
324	8	517	0.015238
325	195	474	0.291480
326	8	562	0.014035
327	27	677	0.038352
328	7	676	0.010249
329	28	545	0.048866
330	54	557	0.088380
331	606	0	1.000000
332	8	654	0.012085
333	52	641	0.075036
334	6	651	0.009132
335	28	660	0.040698
336	21	673	0.030259
337	672	0	1.000000
338	7	584	0.011844
339	28	683	0.039381
340	24	587	0.039280
341	389	611	0.389000
342	23	615	0.036050
343	20	651	0.029806
344	56	578	0.088328
345	156	749	0.172376
346	8	646	0.012232
347	667	0	1.000000
348	24	624	0.037037
349	783	0	1.000000
350	24	831	0.028070
351	28	707	0.038095
352	8	622	0.012698
353	702	0	1.000000
354	22	782	0.027363
355	27	685	0.037921
356	8	555	0.014210
357	156	630	0.198473
358	8	850	0.009324
359	767	0	1.000000
360	24	701	0.033103
361	65	687	0.086436
362	6	849	0.007018
363	27	734	0.035480
364	109	709	0.133252
365	87	697	0.110969
366	85	862	0.089757
367	805	0	1.000000
368	8	577	0.013675
369	92	672	0.120419
370	147	827	0.150924
371	27	649	0.039941
372	23	748	0.029831
373	741	0	1.000000
374	24	898	0.026030
375	26	741	0.033898
376	8	763	0.010376
377	82	699	0.104994
378	23	947	0.023711
379	787	0	1.000000
380	23	700	0.031812
381	26	803	0.031363
382	7	856	0.008111
383	797	0	1.000000
384	8	624	0.012658
385	327	633	0.340625
386	8	791	0.010013
387	28	630	0.042553
388	24	608	0.037975
389	673	0	1.000000
390	53	846	0.058954
391	28	783	0.034525
392	7	613	0.011290
393	26	756	0.033248
394	8	829	0.009558
395	27	790	0.033048
396	77	643	0.106944
397	877	0	1.000000
398	8	870	0.009112
399	96	813	0.105611
400	8	620	0.012739
401	822	0	1.000000
402	24	746	0.031169
403	170	756	0.183585
404	8	707	0.011189
405	51	889	0.054255
406	51	798	0.060071
407	24	734	0.031662
408	23	883	0.025386
409	864	0	1.000000
410	24	754	0.030848
411	28	744	0.036269
412	24	967	0.024218
413	26	804	0.031325
414	23	737	0.030263
415	27	924	0.028391
416	8	763	0.010376
417	27	688	0.037762
418	52	913	0.053886
419	1047	0	1.000000
420	55	784	0.065554
421	769	0	1.000000
422	8	857	0.009249
423	28	939	0.028956
424	8	705	0.011220
425	147	805	0.154412
426	84	971	0.079621
427	173	815	0.175101
428	8	850	0.009324
429	151	896	0.144222
430	55	968	0.053763
431	816	0	1.000000
432	7	851	0.008159
433	944	0	1.000000
434	23	701	0.031768
435	437	784	0.357903
436	24	1041	0.022535
437	28	793	0.034105
438	22	825	0.025974
439	1035	0	1.000000
440	24	773	0.030113
441	28	906	0.029979
442	49	942	0.049445
443	934	0	1.000000
444	21	747	0.027344
445	88	835	0.095341
446	8	1011	0.007851
447	28	848	0.031963
448	24	779	0.029888
449	989	0	1.000000
450	21	760	0.026889
451	389	833	0.318331
452	8	834	0.009501
453	26	1012	0.025048
454	8	864	0.009174
455	93	823	0.101528
456	24	985	0.023786
457	964	0	1.000000
458	8	972	0.008163
459	27	1110	0.023747
460	23	914	0.024546
461	847	0	1.000000
462	54	1002	0.051136
463	794	0	1.000000
464	8	803	0.009864
465	166	964	0.146903
466	8	915	0.008667
467	968	0	1.000000
468	24	923	0.025343
469	177	983	0.152586
470	22	984	0.021869
471	27	1000	0.026290
472	6	987	0.006042
473	26	927	0.027282
474	22	890	0.024123
475	73	1056	0.064659
476	23	875	0.025612
477	51	938	0.051567
478	8	1045	0.007597
479	858	0	1.000000
480	24	763	0.030496
481	547	851	0.391273
482	8	840	0.009434
483	95	957	0.090304
484	8	1041	0.007626
485	91	977	0.085206
486	8	945	0.008395
487	1086	0	1.000000
488	8	842	0.009412
489	26	915	0.027630
490	53	1156	0.043838
491	894	0	1.000000
492	23	971	0.023139
493	87	1077	0.074742
494	24	949	0.024666
495	96	1011	0.086721
496	109	1050	0.094047
497	28	1041	0.026193
498	24	1005	0.023324
499	1076	0	1.000000
500	8	924	0.008584
501	26	1081	0.023487
502	8	992	0.008000
503	908	0	1.000000
504	24	1132	0.020761
505	85	1019	0.076993
506	78	1055	0.068844
507	28	1223	0.022382
508	24	878	0.026608
509	1063	0	1.000000
510	52	1206	0.041335
511	165	961	0.146536
512	0	809	0.000000
513	28	997	0.027317
514	8	862	0.009195
515	28	887	0.030601
516	24	1060	0.022140
517	28	860	0.031532
518	24	861	0.027119
519	28	1232	0.022222
520	56	846	0.062084
521	854	0	1.000000
522	24	1153	0.020391
523	926	0	1.000000
524	8	845	0.009379
525	157	1175	0.117868
526	6	1004	0.005941
527	26	1243	0.020489
528	24	1126	0.020870
529	77	923	0.077000
530	23	1086	0.020739
531	28	1143	0.023911
532	278	929	0.230323
533	88	1005	0.080512
534	23	1117	0.020175
535	28	1125	0.024284
536	7	1047	0.006641
537	27	983	0.026733
538	8	1005	0.007897
539	26	1301	0.019593
540	24	964	0.024291
541	1006	0	1.000000
542	7	1270	0.005482
543	28	1072	0.025455
544	8	877	0.009040
545	89	1115	0.073920
546	56	948	0.055777
547	1091	0	1.000000
548	7	1003	0.006931
549	49	995	0.046935
550	24	1295	0.018196
551	27	1192	0.022149
552	24	912	0.025641
553	175	1196	0.127644
554	8	1186	0.006700
555	96	1122	0.078818
556	24	1168	0.020134
557	1053	0	1.000000
558	22	1218	0.017742
559	174	1058	0.141234
560	23	885	0.025330
561	1293	0	1.000000
562	7	1162	0.005988
563	1081	0	1.000000
564	24	1193	0.019721
565	86	1039	0.076444
566	6	1194	0.005000
567	28	1024	0.026616
568	52	1124	0.044218
569	1286	0	1.000000
570	56	1131	0.047178
571	1268	0	1.000000
572	24	1023	0.022923
573	28	1201	0.022783
574	52	1290	0.038748
575	27	1027	0.025617
576	8	1086	0.007313
577	1014	0	1.000000
578	8	1043	0.007612
579	25	1327	0.018491
580	23	1054	0.021356
581	28	1167	0.023431
582	23	1241	0.018196
583	28	1085	0.025157
584	8	1306	0.006088
585	255	1042	0.196608
586	8	1126	0.007055
587	1240	0	1.000000
588	22	1072	0.020110
589	172	1330	0.114514
590	24	1031	0.022749
591	27	1128	0.023377
592	24	1109	0.021183
593	1267	0	1.000000
594	22	1340	0.016153
595	232	1234	0.158254
596	8	1337	0.005948
597	28	1293	0.021196
598	48	1044	0.043956
599	1439	0	1.000000
600	24	1088	0.021583
601	1246	0	1.000000
602	24	1233	0.019093
603	23	1072	0.021005
604	23	1418	0.015961
605	50	1235	0.038911
606	84	1269	0.062084
607	1183	0	1.000000
608	8	1061	0.007484
609	165	1335	0.110000
610	56	1190	0.044944
611	27	1429	0.018544
612	24	1137	0.020672
613	1205	0	1.000000
614	8	1281	0.006206
615	94	1288	0.068017
616	177	1411	0.111461
617	1199	0	1.000000
618	24	1355	0.017404
619	1246	0	1.000000
620	22	1227	0.017614
621	28	1265	0.021655
622	8	1076	0.007380
623	27	1450	0.018280
624	24	1096	0.021429
625	12	1315	0.009043
626	7	1098	0.006335
627	96	1257	0.070953
628	23	1248	0.018096
629	88	1080	0.075342
630	55	1412	0.037491
631	1196	0	1.000000
632	8	1460	0.005450
633	27	1176	0.022444
634	8	1381	0.005760
635	28	1095	0.024933
636	24	1279	0.018419
637	315	1207	0.206965
638	118	1238	0.087021
639	28	1295	0.021164
640	7	1009	0.006890
641	1366	0	1.000000
642	23	1123	0.020070
643	1307	0	1.000000
644	23	1245	0.018139
645	689	1042	0.398036
646	52	1305	0.038320
647	1366	0	1.000000
648	8	1464	0.005435
649	28	1161	0.023549
650	22	1311	0.016504
651	343	1294	0.209530
652	22	1313	0.016479
653	1260	0	1.000000
654	23	1382	0.016370
655	28	1593	0.017273
656	40	1155	0.033473
657	98	1587	0.058160
658	52	1397	0.035887
659	1475	0	1.000000
660	55	1146	0.045795
661	1316	0	1.000000
662	8	1267	0.006275
663	98	1273	0.071481
664	8	1346	0.005908
665	162	1326	0.108871
666	21	1455	0.014228
667	28	1371	0.020014
668	8	1583	0.005028
669	28	1288	0.021277
670	53	1536	0.033354
671	417	1194	0.258845
672	24	1375	0.017155
673	1358	0	1.000000
674	8	1350	0.005891
675	27	1369	0.019341
676	24	1358	0.017366
677	1345	0	1.000000
678	24	1274	0.018490
679	182	1428	0.113043
680	24	1234	0.019078
681	28	1491	0.018433
682	56	1401	0.038435
683	1677	0	1.000000
684	24	1311	0.017978
685	92	1576	0.055156
686	8	1219	0.006520
687	25	1509	0.016297
688	23	1363	0.016595
689	87	1496	0.054959
690	55	1481	0.035807
691	1509	0	1.000000
692	7	1394	0.004996
693	92	1526	0.056860
694	8	1307	0.006084
695	28	1491	0.018433
696	24	1246	0.018898
697	290	1468	0.164960
698	8	1467	0.005424
699	27	1502	0.017659
700	55	1286	0.041014
701	1643	0	1.000000
702	24	1360	0.017341
703	1091	997	0.522510
704	8	1188	0.006689
705	158	1387	0.102265
706	8	1246	0.006380
707	27	1474	0.017988
708	22	1323	0.016357
709	1607	0	1.000000
710	24	1544	0.015306
711	28	1645	0.016736
712	8	1365	0.005827
713	27	1495	0.017740
714	56	1525	0.035421
715	233	1496	0.134760
716	8	1542	0.005161
717	26	1547	0.016529
718	8	1311	0.006065
719	1622	0	1.000000
720	24	1401	0.016842
721	172	1573	0.098567
722	8	1379	0.005768
723	28	1603	0.017167
724	24	1382	0.017070
725	89	1629	0.051804
726	83	1446	0.054284
727	1724	0	1.000000
728	24	1395	0.016913
729	4	1677	0.002380
730	142	1505	0.086217
731	28	1747	0.015775
732	22	1342	0.016129
733	1690	0	1.000000
734	8	1465	0.005431
735	93	1695	0.052013
736	8	1328	0.005988
737	27	1651	0.016091
738	24	1323	0.017817
739	1757	0	1.000000
740	24	1453	0.016249
741	170	1663	0.092744
742	402	1412	0.221610
743	1727	0	1.000000
744	24	1342	0.017570
745	89	1744	0.048554
746	8	1374	0.005789
747	28	1654	0.016647
748	24	1548	0.015267
749	28	1650	0.016687
750	24	1514	0.015605
751	1547	0	1.000000
752	8	1613	0.004935
753	26	1436	0.017784
754	53	1615	0.031775
755	28	1515	0.018146
756	23	1729	0.013128
757	1609	0	1.000000
758	8	1736	0.004587
759	98	1534	0.060049
760	53	1784	0.028851
761	1482	0	1.000000
762	24	1517	0.015574
763	166	1580	0.095074
764	7	1457	0.004781
765	281	1613	0.148363
766	8	1646	0.004837
767	27	1870	0.014233
768	8	1311	0.006065
769	1607	0	1.000000
770	56	1413	0.038121
771	28	1741	0.015828
772	24	1444	0.016349
773	1820	0	1.000000
774	24	1360	0.017341
775	75	1777	0.040497
776	8	1399	0.005686
777	166	1731	0.087507
778	8	1546	0.005148
779	28	1818	0.015168
780	55	1427	0.037112
781	421	1694	0.199054
782	172	1572	0.098624
783	27	1706	0.015580
784	24	1379	0.017106
785	87	1541	0.053440
786	83	1584	0.049790
787	1477	0	1.000000
788	8	1604	0.004963
789	28	1526	0.018018
790	55	1762	0.030270
791	28	1600	0.017199
792	24	1762	0.013438
793	561	1421	0.283047
794	8	1679	0.004742
795	97	1599	0.057193
796	24	1625	0.014554
797	1691	0	1.000000
798	55	1675	0.031792
799	28	1864	0.014799
800	8	1391	0.005718
801	98	1870	0.049797
802	7	1694	0.004115
803	28	1874	0.014721
804	178	1402	0.112658
805	372	1602	0.188450
806	83	1572	0.050151
807	28	1588	0.017327
808	8	1758	0.004530
809	1669	0	1.000000
810	23	1918	0.011850
811	1555	0	1.000000
812	24	1733	0.013660
813	28	1670	0.016490
814	55	1543	0.034418
815	28	1800	0.015317
816	24	1481	0.015947
817	186	1887	0.089725
818	8	1580	0.005038
819	98	1840	0.050568
820	24	1643	0.014397
821	1742	0	1.000000
822	24	1734	0.013652
823	1667	0	1.000000
824	8	1861	0.004280
825	165	1642	0.091312
826	55	1654	0.032183
827	1781	0	1.000000
828	24	1473	0.016032
829	1868	0	1.000000
830	24	1575	0.015009
831	27	1717	0.015482
832	24	1744	0.013575
833	182	1681	0.097692
834	24	1845	0.012841
835	28	1689	0.016308
836	82	1739	0.045030
837	27	1628	0.016314
838	8	1582	0.005031
839	1904	0	1.000000
840	56	1618	0.033453
841	101	1783	0.053609
842	7	1645	0.004237
843	25	1687	0.014603
844	24	1768	0.013393
845	92	1792	0.048832
846	24	1817	0.013036
847	74	1644	0.043073
848	8	1756	0.004535
849	27	1892	0.014070
850	24	1552	0.015228
851	26	1885	0.013605
852	24	1709	0.013849
853	1823	0	1.000000
854	23	1842	0.012332
855	98	1745	0.053174
856	8	1817	0.004384
857	1716	0	1.000000
858	55	1753	0.030420
859	1934	0	1.000000
860	24	1650	0.014337
861	602	1607	0.272522
862	8	1944	0.004098
863	1555	0	1.000000
864	8	1777	0.004482
865	90	1840	0.046632
866	8	1585	0.005022
867	28	1940	0.014228
868	117	1791	0.061321
869	25	1754	0.014053
870	56	1814	0.029947
871	183	1837	0.090594
872	7	1962	0.003555
873	97	1808	0.050919
874	149	1666	0.082094
875	27	1886	0.014114
876	24	1727	0.013706
877	1735	0	1.000000
878	6	1896	0.003155
879	27	1587	0.016729
880	24	1894	0.012513
881	1759	0	1.000000
882	24	1542	0.015326
883	1987	0	1.000000
884	24	1734	0.013652
885	162	1737	0.085308
886	8	1973	0.004038
887	1804	0	1.000000
888	23	1767	0.012849
889	171	2071	0.076271
890	24	1616	0.014634
891	119	1797	0.062109
892	24	2026	0.011707
893	28	1703	0.016176
894	24	2098	0.011310
895	28	2102	0.013146
896	8	1577	0.005047
897	171	1913	0.082054
898	8	1627	0.004893
899	27	1796	0.014811
900	23	1941	0.011711
901	91	1776	0.048741
902	24	1849	0.012814
903	92	2022	0.043519
904	55	1675	0.031792
905	89	1900	0.044746
906	87	1822	0.045574
907	1699	0	1.000000
908	8	1983	0.004018
909	50	1759	0.027640
910	235	1663	0.123815
911	2038	0	1.000000
912	24	1920	0.012346
913	27	1865	0.014271
914	8	1972	0.004040
915	96	1907	0.047928
916	24	1941	0.012214
917	28	1885	0.014637
918	24	1850	0.012807
919	1960	0	1.000000
920	24	2000	0.011858
921	27	1675	0.015864
922	8	2112	0.003774
923	28	1836	0.015021
924	55	1676	0.031774
925	227	1911	0.106174
926	8	1802	0.004420
927	25	1712	0.014393
928	8	2047	0.003893
929	1848	0	1.000000
930	56	1680	0.032258
931	178	2122	0.077391
932	8	1845	0.004317
933	27	1769	0.015033
934	8	2104	0.003788
935	96	2008	0.045627
936	21	1757	0.011811
937	2042	0	1.000000
938	23	1747	0.012994
939	24	1953	0.012140
940	24	2103	0.011283
941	1766	0	1.000000
942	24	1840	0.012876
943	28	2203	0.012550
944	8	1935	0.004117
945	164	1831	0.082206
946	847	1783	0.322053
947	1792	0	1.000000
948	24	1743	0.013582
949	595	1991	0.230085
950	24	1951	0.012152
951	28	1695	0.016251
952	51	2073	0.024011
953	1877	0	1.000000
954	23	1693	0.013403
955	27	2128	0.012529
956	8	2017	0.003951
957	167	1861	0.082347
958	8	1940	0.004107
959	28	2085	0.013251
960	23	1766	0.012856
961	116	1882	0.058058
962	24	2099	0.011305
963	28	1870	0.014752
964	24	1837	0.012896
965	92	2073	0.042494
966	55	1911	0.027976
967	1872	0	1.000000
968	8	2127	0.003747
969	300	2062	0.127011
970	56	2256	0.024221
971	2326	0	1.000000
972	8	2324	0.003431
973	184	2190	0.077506
974	8	2145	0.003716
975	99	2372	0.040065
976	116	1934	0.056585
977	1693	0	1.000000
978	23	1653	0.013723
979	27	1841	0.014454
980	24	2092	0.011342
981	52	1994	0.025415
982	7	1892	0.003686
983	2116	0	1.000000
984	24	2029	0.011690
985	86	1881	0.043721
986	24	1825	0.012980
987	87	2127	0.039295
988	115	1963	0.055342
989	28	2005	0.013773
990	56	2101	0.025962
991	2176	0	1.000000
992	8	1981	0.004022
993	26	1789	0.014325
994	54	2133	0.024691
995	27	1995	0.013353
996	23	1858	0.012228
997	1951	0	1.000000
998	8	2224	0.003584
999	28	2005	0.013773
